0,0,0,0,0,0,0,0,1,2,3,3,4,4,4,4,1,2,3,3,4,4,4,4,5,6,7,8,9,9,9,9,10,11,12,13,14,14,14,14,15,16,17,18,19,19,19,20,21,22,23,24,24,24,24,24,25,26,27,27,27,27,27,27,0,0,0,0,0,0,0,0,4,4,4,4,4,4,4,4,4,4,4,4,4,4,4,4,9,9,9,9,9,9,9,9,14,14,14,14,14,14,14,14,20,20,20,20,20,20,20,20,24,24,24,24,24,24,24,24,27,27,27,27,27,27,27,27,0,0,0,0,0,0,0,0,4,4,4,4,4,4,4,4,4,4,4,4,4,4,4,4,9,9,9,9,9,9,9,9,14,14,14,14,14,14,14,14,20,20,20,20,20,20,20,20,24,24,24,24,24,24,24,24,27,27,27,27,27,27,27,27,0,0,0,0,0,0,0,0,4,4,4,4,3,3,3,3,4,4,4,4,3,3,3,3,9,9,9,9,8,7,28,29,14,14,14,14,13,12,30,31,20,19,19,19,18,32,33,34,24,24,24,24,24,35,36,37,27,27,27,27,27,27,26,38,39,27,27,27,27,27,27,27,27,27,27,27,27,27,27,27,27,27,27,27,27,27,27,27,27,27,27,27,27,27,27,27,27,27,27,27,27,27,27,27,27,27,27,27,27,27,27,27,27,27,27,27,27,27,27,27,27,27,27,27,27,27,27,27,27,27,27,27,27,27,27,27,27,27,27,27,27,27,27,27,27,27,27,27,27,27,27,27,27,27,27,27,27,27,27,27,27,27,27,27,27,27,27,27,27,27,27,27,27,27,27,27,27,27,27,27,27,27,27,27,27,27,27,27,27,27,27,27,27,27,27,27,27,27,27,27,27,27,27,27,27,27,27,27,27,27,27,27,27,27,27,27,27,27,27,27,27,27,27,27,27,27,27,27,27,27,27,27,27,27,27,27,27,27,27,27,27,27,27,27,27,27,27,27,27,27,27,27,27,27,27,27,27,27,27,27,27,27,39,39,27,27,27,27,27,27,27,27,27,27,27,27,27,27,27,27,27,27,27,27,27,27,27,27,27,27,27,27,27,27,27,27,27,27,27,27,27,27,27,27,27,27,27,27,27,27,27,27,27,27,27,27,27,27,27,27,27,27,27,27,27,27,27,27,27,27,27,27,27,27,27,27,27,27,27,27,27,27,27,27,27,27,27,27,27,27,27,27,27,27,27,27,27,27,27,27,27,27,27,27,27,27,27,27,27,27,27,27,27,27,27,27,39,39,27,27,27,27,27,27,27,27,27,27,27,27,27,27,27,27,27,27,27,27,27,27,27,27,27,27,27,27,27,27,27,27,27,27,27,27,27,27,27,27,27,27,27,27,27,27,27,27,27,27,27,27,27,27,27,27,27,27,27,27,27,27,27,27,27,27,27,27,27,27,27,27,27,27,27,27,27,27,27,27,27,27,27,27,27,27,27,27,27,27,27,27,27,27,27,27,27,27,27,27,27,27,27,27,27,27,27,27,



SPRITE_PALETTE[0] = RGB15(0,0,0);
SPRITE_PALETTE[1] = RGB15(7,23,31);
SPRITE_PALETTE[2] = RGB15(8,22,31);
SPRITE_PALETTE[3] = RGB15(8,22,31);
SPRITE_PALETTE[4] = RGB15(8,22,31);
SPRITE_PALETTE[5] = RGB15(7,23,31);
SPRITE_PALETTE[6] = RGB15(8,22,31);
SPRITE_PALETTE[7] = RGB15(8,22,31);
SPRITE_PALETTE[8] = RGB15(8,22,31);
SPRITE_PALETTE[9] = RGB15(8,22,31);
SPRITE_PALETTE[10] = RGB15(7,23,31);
SPRITE_PALETTE[11] = RGB15(8,22,31);
SPRITE_PALETTE[12] = RGB15(8,22,31);
SPRITE_PALETTE[13] = RGB15(8,22,31);
SPRITE_PALETTE[14] = RGB15(8,22,31);
SPRITE_PALETTE[15] = RGB15(8,22,31);
SPRITE_PALETTE[16] = RGB15(8,22,31);
SPRITE_PALETTE[17] = RGB15(8,22,31);
SPRITE_PALETTE[18] = RGB15(8,22,31);
SPRITE_PALETTE[19] = RGB15(8,22,31);
SPRITE_PALETTE[20] = RGB15(8,22,31);
SPRITE_PALETTE[21] = RGB15(8,22,31);
SPRITE_PALETTE[22] = RGB15(8,22,31);
SPRITE_PALETTE[23] = RGB15(8,22,31);
SPRITE_PALETTE[24] = RGB15(8,22,31);
SPRITE_PALETTE[25] = RGB15(8,22,31);
SPRITE_PALETTE[26] = RGB15(8,22,31);
SPRITE_PALETTE[27] = RGB15(8,22,31);
SPRITE_PALETTE[28] = RGB15(8,22,31);
SPRITE_PALETTE[29] = RGB15(8,22,31);
SPRITE_PALETTE[30] = RGB15(8,22,31);
SPRITE_PALETTE[31] = RGB15(8,22,31);
SPRITE_PALETTE[32] = RGB15(8,22,31);
SPRITE_PALETTE[33] = RGB15(8,22,31);
SPRITE_PALETTE[34] = RGB15(8,22,31);
SPRITE_PALETTE[35] = RGB15(8,22,31);
SPRITE_PALETTE[36] = RGB15(8,22,31);
SPRITE_PALETTE[37] = RGB15(8,22,31);
SPRITE_PALETTE[38] = RGB15(8,22,31);
SPRITE_PALETTE[39] = RGB15(8,22,31);
SPRITE_PALETTE[40] = RGB15(8,22,31);
SPRITE_PALETTE[41] = RGB15(8,22,31);
SPRITE_PALETTE[42] = RGB15(8,22,31);
SPRITE_PALETTE[43] = RGB15(8,22,31);

