0,0,0,0,0,0,0,0,0,0,0,0,0,0,0,0,0,0,0,0,0,0,0,0,0,0,0,0,0,0,0,0,0,0,0,0,0,0,0,0,0,0,0,0,0,0,0,0,0,0,0,0,0,0,0,0,0,0,0,0,0,0,0,0,0,0,0,0,0,0,0,0,0,0,0,0,0,0,0,0,0,0,0,0,0,0,0,0,0,0,0,0,0,0,0,0,0,0,0,0,0,0,0,0,0,0,0,0,0,0,0,0,0,0,0,0,0,0,0,0,0,0,0,0,0,0,0,0,0,0,0,0,0,0,0,0,0,0,0,0,0,0,0,0,0,0,0,0,0,0,0,0,0,0,0,0,0,0,0,0,0,0,0,0,0,0,0,0,0,0,0,0,0,0,0,0,0,0,0,0,0,0,0,0,0,0,0,0,0,0,0,0,0,0,0,0,0,0,0,0,0,0,0,0,0,0,0,0,0,0,0,0,0,0,0,0,0,0,0,0,0,0,0,0,0,0,0,0,0,0,0,0,0,0,0,0,0,0,0,0,0,0,0,0,0,0,0,0,0,0,0,0,0,0,0,0,0,0,0,0,0,0,0,0,1,1,2,2,2,2,2,2,1,1,2,2,2,2,2,2,3,4,5,6,7,8,8,8,9,10,11,12,13,14,14,15,16,17,18,19,20,20,20,20,13,21,22,20,20,20,20,20,23,24,25,20,20,20,20,20,0,0,0,0,0,0,0,0,2,2,2,2,2,2,2,2,2,2,2,2,2,2,2,2,8,8,8,8,8,8,8,8,15,15,15,15,15,15,15,15,20,20,20,20,20,20,20,20,20,20,20,20,20,20,20,20,20,20,20,20,20,20,20,20,0,0,0,0,0,0,0,0,2,2,2,2,2,2,2,2,2,2,2,2,2,2,2,2,8,8,8,8,8,8,8,8,15,15,15,15,15,15,15,15,20,20,20,20,20,20,20,20,20,20,20,20,20,20,20,20,20,20,20,20,20,20,20,20,0,0,0,0,0,0,0,0,2,2,2,2,2,2,26,27,2,2,2,2,2,2,26,27,8,8,8,7,6,28,29,30,15,14,14,13,12,31,32,33,20,20,20,20,34,21,35,36,20,20,20,20,20,22,37,38,20,20,20,20,20,25,39,40,23,24,25,20,20,20,20,20,41,42,22,20,20,20,20,20,43,44,21,34,20,20,20,20,33,32,31,12,13,14,14,15,30,29,28,6,7,8,8,8,27,26,2,2,2,2,2,2,27,26,2,2,2,2,2,2,0,0,0,0,0,0,0,0,20,20,20,20,20,20,20,20,20,20,20,20,20,20,20,20,20,20,20,20,20,20,20,20,15,15,15,15,15,15,15,15,8,8,8,8,8,8,8,8,2,2,2,2,2,2,2,2,2,2,2,2,2,2,2,2,0,0,0,0,0,0,0,0,20,20,20,20,20,20,20,20,20,20,20,20,20,20,20,20,20,20,20,20,20,20,20,20,15,15,15,15,15,15,15,15,8,8,8,8,8,8,8,8,2,2,2,2,2,2,2,2,2,2,2,2,2,2,2,2,0,0,0,0,0,0,0,0,20,20,20,20,20,25,39,40,20,20,20,20,20,22,45,38,20,20,20,20,46,47,48,49,15,14,14,13,50,51,52,53,8,8,8,7,54,55,29,56,2,2,2,2,57,57,26,58,2,2,2,2,57,57,26,58,0,0,0,0,0,0,0,0,0,0,0,0,0,0,0,0,0,0,0,0,0,0,0,0,0,0,0,0,0,0,0,0,0,0,0,0,0,0,0,0,0,0,0,0,0,0,0,0,0,0,0,0,0,0,0,0,0,0,0,0,0,0,0,0,0,0,0,0,0,0,0,0,0,0,0,0,0,0,0,0,0,0,0,0,0,0,0,0,0,0,0,0,0,0,0,0,0,0,0,0,0,0,0,0,0,0,0,0,0,0,0,0,0,0,0,0,0,0,0,0,0,0,0,0,0,0,0,0,0,0,0,0,0,0,0,0,0,0,0,0,0,0,0,0,0,0,0,0,0,0,0,0,0,0,0,0,0,0,0,0,0,0,0,0,0,0,0,0,0,0,0,0,0,0,0,0,0,0,0,0,0,0,0,0,0,0,0,0,0,0,0,0,0,0,0,0,0,0,0,0,0,0,0,0,0,0,0,0,0,0,0,0,0,0,0,0,0,0,0,0,0,0,0,0,0,0,0,0,0,0,0,0,0,0,0,0,0,0,0,0,0,0,0,0,0,0,0,0,0,0,0,0,0,0,0,0,0,0,0,0,0,0,0,0,




SPRITE_PALETTE[0] = RGB15(0,0,0);
SPRITE_PALETTE[1] = RGB15(2,27,3);
SPRITE_PALETTE[2] = RGB15(1,27,3);
SPRITE_PALETTE[3] = RGB15(2,27,3);
SPRITE_PALETTE[4] = RGB15(2,27,3);
SPRITE_PALETTE[5] = RGB15(1,27,3);
SPRITE_PALETTE[6] = RGB15(1,27,3);
SPRITE_PALETTE[7] = RGB15(1,27,3);
SPRITE_PALETTE[8] = RGB15(1,27,3);
SPRITE_PALETTE[9] = RGB15(2,27,3);
SPRITE_PALETTE[10] = RGB15(2,27,3);
SPRITE_PALETTE[11] = RGB15(1,27,3);
SPRITE_PALETTE[12] = RGB15(1,27,3);
SPRITE_PALETTE[13] = RGB15(1,27,3);
SPRITE_PALETTE[14] = RGB15(1,27,3);
SPRITE_PALETTE[15] = RGB15(1,27,3);
SPRITE_PALETTE[16] = RGB15(2,27,3);
SPRITE_PALETTE[17] = RGB15(1,27,3);
SPRITE_PALETTE[18] = RGB15(1,27,3);
SPRITE_PALETTE[19] = RGB15(1,27,3);
SPRITE_PALETTE[20] = RGB15(1,27,3);
SPRITE_PALETTE[21] = RGB15(1,27,3);
SPRITE_PALETTE[22] = RGB15(1,27,3);
SPRITE_PALETTE[23] = RGB15(1,27,3);
SPRITE_PALETTE[24] = RGB15(1,27,3);
SPRITE_PALETTE[25] = RGB15(1,27,3);
SPRITE_PALETTE[26] = RGB15(2,27,3);
SPRITE_PALETTE[27] = RGB15(2,28,3);
SPRITE_PALETTE[28] = RGB15(1,27,3);
SPRITE_PALETTE[29] = RGB15(2,27,3);
SPRITE_PALETTE[30] = RGB15(2,28,3);
SPRITE_PALETTE[31] = RGB15(1,27,3);
SPRITE_PALETTE[32] = RGB15(2,27,3);
SPRITE_PALETTE[33] = RGB15(2,28,3);
SPRITE_PALETTE[34] = RGB15(1,27,3);
SPRITE_PALETTE[35] = RGB15(1,27,3);
SPRITE_PALETTE[36] = RGB15(2,27,3);
SPRITE_PALETTE[37] = RGB15(1,27,3);
SPRITE_PALETTE[38] = RGB15(1,27,3);
SPRITE_PALETTE[39] = RGB15(1,27,3);
SPRITE_PALETTE[40] = RGB15(1,27,3);
SPRITE_PALETTE[41] = RGB15(1,27,3);
SPRITE_PALETTE[42] = RGB15(1,27,3);
SPRITE_PALETTE[43] = RGB15(2,27,3);
SPRITE_PALETTE[44] = RGB15(1,27,3);
SPRITE_PALETTE[45] = RGB15(1,27,3);
SPRITE_PALETTE[46] = RGB15(1,27,3);
SPRITE_PALETTE[47] = RGB15(1,27,3);
SPRITE_PALETTE[48] = RGB15(2,27,3);
SPRITE_PALETTE[49] = RGB15(2,27,3);
SPRITE_PALETTE[50] = RGB15(1,27,3);
SPRITE_PALETTE[51] = RGB15(1,27,3);
SPRITE_PALETTE[52] = RGB15(2,27,3);
SPRITE_PALETTE[53] = RGB15(2,27,3);
SPRITE_PALETTE[54] = RGB15(1,27,3);
SPRITE_PALETTE[55] = RGB15(1,27,3);
SPRITE_PALETTE[56] = RGB15(2,27,4);
SPRITE_PALETTE[57] = RGB15(1,27,3);
SPRITE_PALETTE[58] = RGB15(2,27,3);
