0,0,0,0,0,0,0,0,0,0,0,0,1,2,3,4,0,0,0,5,6,7,7,7,0,0,5,8,7,7,7,7,0,1,6,7,7,7,7,7,0,2,7,7,7,7,7,7,0,9,7,7,7,7,7,7,0,10,7,7,7,7,7,7,0,0,0,0,0,0,0,0,11,9,12,1,0,0,0,0,7,7,7,13,14,0,0,0,7,7,7,7,15,14,0,0,7,7,7,7,7,13,1,0,7,7,7,7,7,7,16,0,7,7,7,7,7,7,17,0,7,7,7,7,7,7,4,0,0,4,7,7,7,7,7,7,0,18,7,7,7,7,7,7,0,12,7,7,7,7,7,7,0,1,13,7,7,7,7,7,0,0,14,15,7,7,7,7,0,0,0,14,13,7,7,7,0,0,0,0,19,16,18,11,0,0,0,0,0,0,0,0,7,7,7,7,7,7,11,0,7,7,7,7,7,7,17,0,7,7,7,7,7,7,20,0,7,7,7,7,7,21,19,0,7,7,7,7,22,23,0,0,7,7,7,21,23,0,0,0,11,17,20,19,0,0,0,0,0,0,0,0,0,0,0,0,




SPRITE_PALETTE[0] = RGB15(0,0,0);
SPRITE_PALETTE[1] = RGB15(31,0,0);
SPRITE_PALETTE[2] = RGB15(31,0,0);
SPRITE_PALETTE[3] = RGB15(31,0,0);
SPRITE_PALETTE[4] = RGB15(31,0,0);
SPRITE_PALETTE[5] = RGB15(31,0,0);
SPRITE_PALETTE[6] = RGB15(31,0,0);
SPRITE_PALETTE[7] = RGB15(31,0,0);
SPRITE_PALETTE[8] = RGB15(31,0,0);
SPRITE_PALETTE[9] = RGB15(31,0,0);
SPRITE_PALETTE[10] = RGB15(31,0,0);
SPRITE_PALETTE[11] = RGB15(31,0,0);
SPRITE_PALETTE[12] = RGB15(31,0,0);
SPRITE_PALETTE[13] = RGB15(31,0,0);
SPRITE_PALETTE[14] = RGB15(31,0,0);
SPRITE_PALETTE[15] = RGB15(31,0,0);
SPRITE_PALETTE[16] = RGB15(31,0,0);
SPRITE_PALETTE[17] = RGB15(31,0,0);
SPRITE_PALETTE[18] = RGB15(31,0,0);
SPRITE_PALETTE[19] = RGB15(31,0,0);
SPRITE_PALETTE[20] = RGB15(31,0,0);
SPRITE_PALETTE[21] = RGB15(31,0,0);
SPRITE_PALETTE[22] = RGB15(31,0,0);
SPRITE_PALETTE[23] = RGB15(31,0,0);
